0000010010010111110100110100100001111001100001101110111000101000010011010100111100000101000010011100101010001010011111000000110010010100100010010100111001010101000001010000100000001110110001100001100101000001100110101101011100100100011101111011010011011101
1101111000000000000000000000000000000000000000000000000000000000000000000000000000000000000000000000000000000000000000000000000000000000000000000000000000000000000000000000000000000000000000000000000000000000000000000000000000000000000000000000000000000000
0000001000011101010111011101111101101111001010000100011000111111011001011110110111001110001000000001011001000010010010000111100000111000111000000010001110100010011100011110010101101111010010000100100001110100111010000001101100000000001110110110111010001000
0000111011100111001101110011010010011000110011011111000110101000111111100001011110010001111110110100101010011100000000110010101111111001011101000000111111010011111010000010110011101101011111010000110000011010100111001101001001010100100000010110100111010100
0001010100110101000011101101101011000000110100000011101111100110111010100010000111100000010110110100100000010100010011000100010011101000100001101111111101001001010001010001001010000000100000100000000000110011000001110110010001000010100100101011100001110000
0001101010111010101001010010101010111111011110101001011111110001010100000111100010110101010001110111101110011010110001110101011010110101000100100001010010011000101011101011010110011111011000001011010110100101100101111100010001010111111110010011111111100100
0000000110100010111000000101000001100111111000001011111111000000101010000001110101100011001110111010010010111100000001000110011001011110101011000010100110111010111010101111101011000010110010111110110110100100000110010001011011001110101111010101001110111101
1001101010000000000000000000000000000000000000000000000000000000000000000000000000000000000000000000000000000000000000000000000000000000000000000000000000000000000000000000000000000000000000000000000000000000000000000000000000000000000000000000000000000000
1111111100100101001100110010010000100000111001011111111000101110000101000010010100111000010100001001011000010001101000101001001010110111110011010000100110011111011101001110100110010011111010010100000011111001010010101100010110010110011110110111010101010100
1011000110110101000000110100010100010011111011101101111001000000011110110010101000111111000000010111001000101001010000010000011011110001111000111111010010100100111110000110000011011101110010110111000101100011011000110010011000000010001101101010001100100100
0101111001110011110101001011000101001100111000111100001010001010110001000110001010001101010101011000011011000011010010000001000111011001100000001100100000000000101110010010110110101011000001101101001000101010101111110101001110000001111110010001000101100000
1001101100100111100111010111111011010101111000000110000100110011011001011001100111010010010110010100101110001111000110110110001011100011011000100010001000000110110010001111101100010010010011001111000110011001011010011101010001000000110111010101111011011000
0000001001110001100100001011101100010111101001000100110101111101111010011000111011010011010000101001110111101001111001010001100110111010010000000100101000001011011011100000110011010110001101000001001011001100101100010110101111101111001001100100100100010001
1110110001000000000000000000000000000000000000000000000000000000000000000000000000000000000000000000000000000000000000000000000000000000000000000000000000000000000000000000000000000000000000000000000000000000000000000000000000000000000000000000000000000000
1010011001010111011000001110000101111010111100000110000010110011101001011111001010110011010000011111000000111001111101010001010111011010111000111011001101100000010100001101011001110100110011110100011010110100010101000000110000110100100010110011101010110000
1011101110000001001011001111000101111010010101010010011001011001100110101110010110000101111101100101010011010101010111011111111101011100101101100111001000111001001010000010110100101011111100100111010111101110001011110101000100001010000011110111100011101000
0001001110111111100011001110111101001001101110100111000101010101100110100101000111000110010000101111101001101111000101100101011010010111011010101110010110001101111010100100111110010000010100101011101011111100011011001100111010000100110000001011101110110000
1010001100111101101101010001111110110100010101001000100011001010110001110001110010000110001010110011110110101010010011001001101111000001100000100010001110101011100000001011011001011011001010101000010101100111001001011000011011101000101111100111110010010100
